time,NADA_PC1,NADA_PC2,MADA_PC1,MADA_PC2,Kauri,SAAltiplano
1001,1.0112287998199463,0.1745903640985489,,,,
1002,0.3113539218902588,-0.1977350264787674,,,,
1003,0.908787190914154,-0.23814645409584045,,,,
1004,0.061418481171131134,-0.36115556955337524,,,,
1005,2.8809773921966553,0.2024555653333664,,,,
1006,-0.2701566517353058,-1.257796049118042,,,,
1007,-1.291727066040039,-0.23777920007705688,,,,
1008,-0.5265699625015259,-1.1728429794311523,,,,
1009,0.4315137565135956,-1.042854905128479,,,,
1010,0.3245998024940491,-0.9599196314811707,,,,
1011,0.8894175887107849,0.2933351695537567,,,,
1012,0.847868025302887,2.309176206588745,,,,
1013,0.8989374041557312,0.17675000429153442,,,,
1014,1.765864372253418,-0.5029613375663757,,,,
1015,0.1218479573726654,0.23892614245414734,,,,
1016,-0.40870213508605957,0.1640518754720688,,,,
1017,-0.3769132196903229,0.4704037308692932,,,,
1018,0.11956994235515594,0.46417394280433655,,,,
1019,0.5594782829284668,-0.8550031781196594,,,,
1020,-0.4384360909461975,1.0317445993423462,,,,
1021,-0.12740358710289001,0.7906128764152527,,,,
1022,0.37947070598602295,-0.026898549869656563,,,,
1023,-0.5222784280776978,-1.9270446300506592,,,,
1024,-1.4909979104995728,0.8750442266464233,,,,
1025,-0.2986714541912079,1.1692390441894531,,,,
1026,-0.261708527803421,0.6981237530708313,,,,
1027,0.19497956335544586,-0.47968366742134094,,,,
1028,-0.04304377734661102,0.5528825521469116,,,,
1029,-0.15993323922157288,1.1514586210250854,,,,
1030,-0.2286747843027115,0.4208633601665497,,,,
1031,-0.11896539479494095,-0.7926356792449951,,,,
1032,0.37380412220954895,1.080299973487854,,,,
1033,0.10295417904853821,-0.2684110999107361,,,,
1034,0.19569499790668488,-0.1109444797039032,,,,
1035,2.081463575363159,0.10293399542570114,,,,
1036,0.942023515701294,-1.045387864112854,,,,
1037,0.24329069256782532,0.994968831539154,,,,
1038,0.4154968857765198,0.4270068407058716,,,,
1039,1.0322355031967163,1.164659857749939,,,,
1040,0.6216069459915161,1.4727379083633423,,,,
1041,1.1845811605453491,-0.6780371069908142,,,,
1042,-0.16823220252990723,-0.3183777332305908,,,,
1043,0.3727516531944275,-0.10251036286354065,,,,
1044,0.9481180906295776,-1.0988025665283203,,,,
1045,-0.12201468646526337,-1.4923456907272339,,,,
1046,0.4295540153980255,0.38950780034065247,,,,
1047,-0.3144986033439636,-0.23738202452659607,,,,
1048,0.853560745716095,-1.9295611381530762,,,,
1049,-0.4235714077949524,-1.025909662246704,,,,
1050,-0.7123281359672546,0.24989528954029083,,,,
1051,-0.20362254977226257,0.4927138090133667,,,,
1052,-1.552407145500183,1.6116290092468262,,,,
1053,-0.6357920169830322,1.4785178899765015,,,,
1054,-0.9696192145347595,-0.3362092077732086,,,,
1055,0.7319751977920532,2.3509280681610107,,,,
1056,0.016698993742465973,1.5433348417282104,,,,
1057,-0.5579259395599365,-0.5001668334007263,,,,
1058,0.4494485557079315,0.6265314817428589,,,,
1059,0.5079473257064819,1.8389086723327637,,,,
1060,-1.0599794387817383,1.3679008483886719,,,,
1061,-1.126711368560791,0.11244203895330429,,,,
1062,0.9608173370361328,0.5371754765510559,,,,
1063,-0.7435787320137024,-0.24633368849754333,,,,
1064,-1.2949806451797485,-1.116994023323059,,,,
1065,-1.9576390981674194,0.785689115524292,,,,
1066,-0.8070359826087952,0.4755508005619049,,,,
1067,1.8692982196807861,0.3244091868400574,,,,
1068,1.446861743927002,0.1377982497215271,,,,
1069,0.5743442177772522,1.0283020734786987,,,,
1070,-0.05660223215818405,1.299214482307434,,,,
1071,0.017675364390015602,-0.25281116366386414,,,,
1072,-0.4055933952331543,1.272387981414795,,,,
1073,0.12068093568086624,-0.21403899788856506,,,,
1074,0.34003064036369324,0.3407968580722809,,,,
1075,0.2584069073200226,0.5879153609275818,,,,
1076,-0.9329551458358765,0.20537661015987396,,,,
1077,-0.8196344971656799,0.9457597136497498,,,,
1078,-0.6459778547286987,-0.3776041269302368,,,,
1079,-1.4598900079727173,-1.0461329221725464,,,,
1080,-0.8915276527404785,-0.2275364249944687,,,,
1081,0.49222061038017273,0.2142486572265625,,,,
1082,-1.1280956268310547,0.9196586608886719,,,,
1083,0.531955897808075,-0.13742774724960327,,,,
1084,-0.7949962615966797,-0.6880165934562683,,,,
1085,0.5314003825187683,-0.31553563475608826,,,,
1086,0.35393020510673523,-0.07980597764253616,,,,
1087,-0.9885292649269104,-0.38682132959365845,,,,
1088,-1.040960669517517,-0.18498362600803375,,,,
1089,-0.6028938889503479,-0.6915513873100281,,,,
1090,2.3441591262817383,-0.4877091646194458,,,,
1091,1.210339069366455,-2.7013728618621826,,,,
1092,-0.01870221085846424,-0.7358104586601257,,,,
1093,0.8943209648132324,-0.35663697123527527,,,,
1094,0.19506271183490753,-1.305212140083313,,,,
1095,-0.10050554573535919,1.1910793781280518,,,,
1096,-0.5380425453186035,0.7466678619384766,,,,
1097,0.6528822779655457,-0.6736742854118347,,,,
1098,1.044054388999939,0.3077467083930969,,,,
1099,0.9751529097557068,-2.237942934036255,,,,
1100,-0.13697640597820282,-1.5490614175796509,,,,
1101,0.2977138161659241,-0.5307935476303101,,,,
1102,-0.5435304641723633,0.30349162220954895,,,,
1103,-0.19544094800949097,0.1341627538204193,,,,
1104,0.25008901953697205,-0.5741499066352844,,,,
1105,-0.11051464825868607,-2.419916868209839,,,,
1106,-0.4025867283344269,-1.1652791500091553,,,,
1107,0.04002492502331734,-0.6202930212020874,,,,
1108,0.9154870510101318,-0.9071208834648132,,,,
1109,-0.4419003129005432,-0.2919628918170929,,,,
1110,-0.6630458235740662,-0.5150119662284851,,,,
1111,-0.0814858078956604,-1.3729300498962402,,,,
1112,-0.43109843134880066,-0.5324366092681885,,,,
1113,-0.16074229776859283,-1.766229510307312,,,,
1114,-0.09594997018575668,0.3401567041873932,,,,
1115,0.3531564772129059,2.144615888595581,,,,
1116,-1.4015496969223022,-0.8396239876747131,,,,
1117,-1.2445100545883179,-0.17225264012813568,,,,
1118,-0.9457995891571045,-0.019256234169006348,,,,
1119,-0.4968816339969635,-1.0434976816177368,,,,
1120,-0.4793719947338104,-0.2376725971698761,,,,
1121,0.9740991592407227,-0.47376707196235657,,,,
1122,-1.4095643758773804,-0.7081184983253479,,,,
1123,0.4979681670665741,1.6303421258926392,,,,
1124,-0.10866029560565948,0.48417770862579346,,,,
1125,-0.10095883160829544,-0.6658604741096497,,,,
1126,2.2156009674072266,1.6003445386886597,,,,
1127,0.42111727595329285,-0.7322587966918945,,,,
1128,-0.9861793518066406,-1.4817830324172974,,,,
1129,-0.8996208906173706,-0.2874355912208557,,,,
1130,1.3315355777740479,1.215809941291809,,,,
1131,1.3844650983810425,-0.09828095883131027,,,,
1132,1.1355539560317993,0.2940033972263336,,,,
1133,1.1084320545196533,0.036388084292411804,,,,
1134,1.4468730688095093,-1.312312126159668,,,,
1135,1.301655888557434,0.7002382278442383,,,,
1136,-0.351777046918869,-0.2470370978116989,,,,
1137,0.2967439293861389,-0.8055589199066162,,,,
1138,0.8071410655975342,-1.7043871879577637,,,,
1139,-0.553466260433197,-0.3683936893939972,,,,
1140,1.100164532661438,1.1126289367675781,,,,
1141,-0.6521940231323242,0.7091513276100159,,,,
1142,-0.5045586824417114,-0.8887937664985657,,,,
1143,0.2768505811691284,-0.7885928153991699,,,,
1144,-0.11108464747667313,-0.35249030590057373,,,,
1145,0.2211506962776184,2.094299554824829,,,,
1146,2.1966593265533447,0.5124799013137817,,,,
1147,1.2031668424606323,-0.9816797971725464,,,,
1148,1.9268606901168823,0.9052356481552124,,,,
1149,0.8079276084899902,-1.060370683670044,,,,
1150,2.6241047382354736,-0.1529790759086609,,,,
1151,1.7240588665008545,-0.34372973442077637,,,,
1152,-0.6751669049263,0.03698252886533737,,,,
1153,0.33309242129325867,0.04192239046096802,,,,
1154,0.8338004946708679,0.13555938005447388,,,,
1155,-0.043802160769701004,1.5302597284317017,,,,
1156,1.4932997226715088,0.23805080354213715,,,,
1157,0.7280747294425964,-0.07984891533851624,,,,
1158,1.92047119140625,0.27242374420166016,,,,
1159,-0.5447381734848022,1.5042539834976196,,,,
1160,-1.021467685699463,0.32783862948417664,,,,
1161,0.7416835427284241,0.6509940028190613,,,,
1162,-1.0991415977478027,1.007411241531372,,,,
1163,-1.2830049991607666,0.045143261551856995,,,,
1164,0.13958466053009033,1.5043779611587524,,,,
1165,-0.8766361474990845,0.20100368559360504,,,,
1166,0.5428791642189026,-0.9691107869148254,,,,
1167,-0.5642541646957397,-0.7437695264816284,,,,
1168,0.5768356919288635,0.6073842644691467,,,,
1169,0.9418239593505859,-1.1928788423538208,,,,
1170,0.570548415184021,1.8677265644073486,,,,
1171,-1.1199374198913574,0.7747513055801392,,,,
1172,-0.5274908542633057,-0.0720861554145813,,,,
1173,-1.1086633205413818,0.673891544342041,,,,
1174,1.073540210723877,1.0754246711730957,,,,
1175,0.5589718818664551,-0.34558385610580444,,,,
1176,0.7886512875556946,0.6103100180625916,,,,
1177,1.3170149326324463,-0.3490087687969208,,,,
1178,-0.49208611249923706,-0.6343069076538086,,,,
1179,0.3128354847431183,0.2573414146900177,,,,
1180,-0.5587344169616699,0.5510959029197693,,,,
1181,-0.9603695869445801,-0.7404171228408813,,,,
1182,0.866484522819519,-1.5726220607757568,,,,
1183,0.7526333928108215,1.929205060005188,,,,
1184,-1.5640193223953247,-0.07099395245313644,,,,
1185,0.02175259403884411,-0.13680824637413025,,,,
1186,1.575149416923523,-1.0940406322479248,,,,
1187,0.5399342179298401,-0.12027105689048767,,,,
1188,-0.17590512335300446,-1.3417270183563232,,,,
1189,0.4837242662906647,0.1334463357925415,,,,
1190,-0.671712338924408,0.28358134627342224,,,,
1191,-0.3690376579761505,1.054439663887024,,,,
1192,-0.1284114271402359,-1.1805598735809326,,,,
1193,0.006702517159283161,0.11892449855804443,,,,
1194,0.1203366294503212,1.0287539958953857,,,,
1195,-1.7461656332015991,-1.5360723733901978,,,,
1196,-0.47490084171295166,0.3900808095932007,,,,
1197,-1.700133204460144,-0.4117667078971863,,,,
1198,0.3726014494895935,0.5739310383796692,,,,
1199,0.9016510844230652,-0.010312465950846672,,,,
1200,-1.213850736618042,-0.37894564867019653,,,,
1201,-1.0946015119552612,0.5090792775154114,,,,
1202,-0.7693787813186646,-1.132214069366455,,,,
1203,-0.9677703380584717,-0.2942798435688019,,,,
1204,-0.5339211225509644,-0.8530594110488892,,,,
1205,0.0015336725628003478,-0.9250533580780029,,,,
1206,0.4287620186805725,0.3595793843269348,,,,
1207,0.12575353682041168,0.45276838541030884,,,,
1208,0.24349746108055115,-0.5705460906028748,,,,
1209,-1.518687129020691,-0.6625669598579407,,,,
1210,-0.5625388622283936,1.3655622005462646,,,,
1211,-0.9112237691879272,0.27763131260871887,,,,
1212,-0.3345450162887573,-0.31900376081466675,,,,
1213,0.4864165484905243,1.4473752975463867,,,,
1214,0.3220118284225464,-1.5401362180709839,,,,
1215,1.124122977256775,-1.6937059164047241,,,,
1216,0.9992392659187317,-1.9020042419433594,,,,
1217,2.4947028160095215,0.42580661177635193,,,,
1218,1.528355360031128,-0.24590051174163818,,,,
1219,-1.2223320007324219,-0.652793288230896,,,,
1220,-0.5999521613121033,-0.6655837297439575,,,,
1221,0.1538659930229187,-1.1091419458389282,,,,
1222,-0.23926129937171936,0.6096274256706238,,,,
1223,0.025178324431180954,0.23125559091567993,,,,
1224,0.2954642176628113,-1.1815975904464722,,,,
1225,0.3671446740627289,-0.7495625615119934,,,,
1226,-0.7337649464607239,-0.5049912929534912,,,,
1227,2.2095258235931396,-0.1517055183649063,,,,
1228,-1.1255353689193726,-0.06031506881117821,,,,
1229,-1.0238494873046875,0.2786063551902771,,,,
1230,0.46903374791145325,0.052994728088378906,,,,
1231,-0.29269328713417053,0.883040189743042,,,,
1232,-0.26782843470573425,0.40983274579048157,,,,
1233,1.6363279819488525,0.23478880524635315,,,,
1234,1.7592781782150269,0.5908786654472351,,,,
1235,-0.1694212704896927,0.8233595490455627,,,,
1236,1.6393849849700928,0.881524384021759,,,,
1237,0.5466666221618652,1.9741212129592896,,,,
1238,-1.157395601272583,1.1552352905273438,,,,
1239,-0.7110285758972168,0.9614773988723755,,,,
1240,0.5952119827270508,-1.3147963285446167,,,,
1241,-0.9835197329521179,-0.685904860496521,,,,
1242,-0.44994789361953735,-0.14457792043685913,,,,
1243,-0.20282547175884247,-0.23224928975105286,,,,
1244,-0.27570396661758423,0.7246183753013611,,,,
1245,0.05753534287214279,1.2211413383483887,,,,
1246,0.8272895216941833,-0.8571257591247559,,,,
1247,0.7026374936103821,-0.7755622863769531,,,,
1248,-0.4970080554485321,-0.127833753824234,,,,
1249,-1.3284274339675903,0.1773611158132553,,,,
1250,0.508311927318573,1.1011340618133545,,,,
1251,2.252718687057495,-0.820410430431366,,,,
1252,0.8510386943817139,-1.4051103591918945,,,,
1253,0.1551242470741272,0.33456069231033325,,,,
1254,2.1341025829315186,-0.5275818705558777,,,,
1255,0.0318320207297802,0.1092144325375557,,,,
1256,0.2639397978782654,0.02584785223007202,,,,
1257,0.07425854355096817,0.8995203971862793,,,,
1258,2.2644243240356445,0.6220358610153198,,,,
1259,-1.3223310708999634,-0.7815670967102051,,,,
1260,-0.5041326284408569,0.2967757284641266,,,,
1261,0.08775361627340317,0.05497779697179794,,,,
1262,-0.26863983273506165,-0.6706686019897461,,,,
1263,1.0221905708312988,0.22693240642547607,,,,
1264,0.6207855939865112,1.2568016052246094,,,,
1265,-0.7645077109336853,-0.00547652505338192,,,,
1266,-0.4875199794769287,-0.7659777402877808,,,,
1267,-0.9077465534210205,0.22536225616931915,,,,
1268,-1.3809607028961182,0.9692856669425964,,,,
1269,-0.6768534183502197,0.11881975829601288,,,,
1270,0.14497493207454681,-0.6970292329788208,,,,
1271,-0.21662984788417816,1.0531424283981323,,,,
1272,-0.017001070082187653,0.8343386054039001,,,,
1273,1.1788240671157837,0.5456683039665222,,,,
1274,1.031313180923462,-0.037210311740636826,,,,
1275,-1.0167056322097778,1.2951277494430542,,,,
1276,1.512411117553711,-0.7296383380889893,,,,
1277,0.3927600681781769,-0.9943580627441406,,,,
1278,1.6785050630569458,0.49642452597618103,,,,
1279,0.8976238369941711,1.5199207067489624,,,,
1280,1.162275791168213,-1.2068778276443481,,,,
1281,0.6523611545562744,-0.6615802645683289,,,,
1282,-0.1181962788105011,-1.0634866952896118,,,,
1283,0.6115561723709106,-0.34496963024139404,,,,
1284,0.40619179606437683,-0.513512134552002,,,,
1285,0.7549947500228882,0.26280421018600464,,,,
1286,0.7527994513511658,-0.9684464335441589,,,,
1287,0.017553474754095078,-1.3197001218795776,,,,
1288,1.4580386877059937,-1.0759297609329224,,,,
1289,0.13423262536525726,-0.32574260234832764,,,,
1290,-1.3501421213150024,0.4340827465057373,,,,1.088
1291,-0.09975112229585648,-2.2022545337677,,,,1.685
1292,0.7490957379341125,0.8452088236808777,,,,0.783
1293,-0.6784916520118713,-0.6302857995033264,,,,0.984
1294,0.22800315916538239,-1.184805989265442,,,,0.929
1295,0.7298809885978699,-1.1407344341278076,,,,1.275
1296,0.9166538119316101,0.8372151851654053,,,,0.693
1297,0.5773661732673645,0.25606366991996765,,,,1.086
1298,-1.9678899049758911,-0.40070998668670654,,,,1.322
1299,-0.544013261795044,0.5704087018966675,,,,0.884
1300,-0.11180949211120605,0.3961830735206604,-0.960935652256012,0.159367635846138,,1.107
1301,-1.1364303827285767,0.9202879071235657,0.3690321743488312,0.24177780747413635,,1.186
1302,-1.1911134719848633,0.005303489044308662,0.4817928075790405,1.0428926944732666,,0.977
1303,-0.6578063368797302,-1.07663094997406,0.2508257329463959,-0.413791686296463,,1.312
1304,0.43288668990135193,1.0247738361358643,-0.04218621924519539,0.551306962966919,,1.096
1305,-1.2448358535766602,-0.4809696078300476,-1.5400201082229614,0.9726052284240723,,0.889
1306,-0.44178828597068787,0.6146026253700256,0.9419834017753601,0.11758240312337875,,1.174
1307,1.1992943286895752,0.531883180141449,2.138267993927002,-1.675087332725525,,0.919
1308,0.31258073449134827,-1.520796537399292,-0.60001540184021,0.2289958894252777,,0.699
1309,-0.7609851956367493,0.9231709837913513,-0.38388413190841675,1.2664366960525513,,1.111
1310,-1.606626033782959,0.157271608710289,-2.8241095542907715,-0.05222837254405022,,1.543
1311,-1.4775454998016357,-0.1524696797132492,-0.5877933502197266,0.3246282935142517,,0.796
1312,-1.0108884572982788,0.23956932127475739,0.6789937615394592,0.774707019329071,,0.703
1313,-2.1445374488830566,1.4810009002685547,-0.34908777475357056,2.282076120376587,,1.15
1314,-2.2609546184539795,-0.2547370493412018,2.3738412857055664,-0.5802003741264343,,0.95
1315,0.35394805669784546,-0.2154989242553711,0.36385679244995117,-1.1715458631515503,,0.822
1316,2.425647497177124,-0.13668394088745117,-1.0836175680160522,-1.732656717300415,,0.733
1317,0.22627755999565125,0.9411367774009705,-1.402475118637085,1.0204559564590454,,0.668
1318,-0.8681172728538513,-0.3294331431388855,-1.6496611833572388,0.5408976078033447,,0.773
1319,-0.3563198745250702,0.5679411292076111,1.0631828308105469,-1.213463544845581,,1.008
1320,-0.5631186962127686,0.8089913725852966,1.2854068279266357,0.8780628442764282,,1.054
1321,-1.5357633829116821,-0.47813645005226135,0.7562704086303711,-1.0669991970062256,,1.151
1322,-0.5166551470756531,-1.575101375579834,0.9575777053833008,-0.667436957359314,,0.986
1323,0.33172333240509033,-0.28433144092559814,-1.0553772449493408,-0.12274225056171417,,0.919
1324,1.0052490234375,1.1289546489715576,-1.2219008207321167,-1.2444326877593994,,0.784
1325,-0.8307199478149414,0.07966223359107971,-1.3390610218048096,0.9117871522903442,,0.761
1326,-1.2498654127120972,-0.4332771897315979,-1.0225497484207153,0.8083592057228088,,1.03
1327,-0.6020449995994568,-2.04628849029541,0.9185956120491028,0.9364832043647766,,1.156
1328,0.6907687187194824,0.21021123230457306,0.5319966673851013,0.31341254711151123,,1.063
1329,0.32650884985923767,-0.25379714369773865,1.084756851196289,1.0611920356750488,,1.082
1330,-1.58214271068573,-0.48077547550201416,1.6488399505615234,-0.29515424370765686,,0.836
1331,-1.6408385038375854,-0.6957457065582275,0.22290447354316711,-0.258525013923645,,1.041
1332,-1.8249034881591797,-0.43656638264656067,-0.6362671256065369,-0.3746087849140167,,1.092
1333,-2.116213083267212,-0.12611804902553558,-0.16359339654445648,-1.0985000133514404,,1.045
1334,-1.182372808456421,0.5646217465400696,-0.02462020516395569,-1.4065041542053223,,1.07
1335,0.773625373840332,0.9273034334182739,1.838178277015686,-2.555497169494629,,1.01
1336,0.21851488947868347,-0.20075899362564087,-1.211398959159851,-0.5632417798042297,,0.708
1337,-1.0276434421539307,-0.8155620098114014,1.1158698797225952,-0.4765198230743408,,1.136
1338,1.039441466331482,-1.0147236585617065,1.5973801612854004,0.8614053130149841,,0.971
1339,-0.1147707924246788,-0.7332149744033813,-0.27968940138816833,0.0030979514122009277,,0.931
1340,0.5588719248771667,0.6473909616470337,-0.022687047719955444,0.2168359011411667,,0.564
1341,-0.03499343618750572,-0.8988791704177856,0.5845261812210083,1.770027995109558,,1.174
1342,0.16102920472621918,-0.557786226272583,0.34560778737068176,1.2260991334915161,,1.269
1343,-0.3103971481323242,-0.3986034095287323,-1.0019117593765259,-0.4239547848701477,,0.917
1344,-0.23557831346988678,0.6014105081558228,-1.3763453960418701,0.7540712356567383,,0.868
1345,-0.5089272260665894,-0.08489625155925751,1.5503132343292236,1.0758347511291504,,0.628
1346,-0.6612177491188049,-0.31833937764167786,1.1862750053405762,1.5669519901275635,,0.921
1347,1.2396001815795898,-1.2754877805709839,1.8265310525894165,0.07582397013902664,,1.152
1348,0.9691905975341797,-0.2926481068134308,-1.156175971031189,0.09939688444137573,,1.288
1349,0.057873982936143875,-0.8849698305130005,-0.7218037843704224,0.06090166047215462,,0.959
1350,1.3534742593765259,-0.14063480496406555,0.7016564011573792,0.9043651223182678,,0.608
1351,0.6852996349334717,1.1257132291793823,0.06771785765886307,0.1369372308254242,,1.066
1352,0.9896422028541565,0.4977238178253174,0.9231752157211304,0.3297562301158905,,1.042
1353,-1.185928225517273,0.6300287842750549,0.14164136350154877,0.9531539678573608,,0.826
1354,-0.9279721975326538,0.5364368557929993,0.7531169056892395,0.08339738845825195,,0.942
1355,0.7261055707931519,-0.1437467485666275,0.8210153579711914,0.23403674364089966,,0.772
1356,-1.257982850074768,0.5134729146957397,-0.7111237645149231,0.8195045590400696,,1.059
1357,-1.2220256328582764,-0.046909935772418976,0.25700464844703674,0.29136529564857483,,1.107
1358,-0.7203910946846008,1.9187902212142944,0.5848804116249084,0.795486569404602,,1.064
1359,-1.2440265417099,-0.5476228594779968,0.6822347044944763,0.24372299015522003,,0.72
1360,1.8056228160858154,-0.42524954676628113,-0.0013437180314213037,0.9792795777320862,,0.835
1361,1.2375068664550781,0.9551727175712585,1.22487211227417,0.5911353826522827,,1.197
1362,0.7993085384368896,0.026577364653348923,1.533272624015808,0.421852707862854,,0.778
1363,0.8488728404045105,-1.4342186450958252,0.5618630051612854,2.473459243774414,,0.933
1364,0.8073983192443848,0.11407283693552017,0.7412317395210266,0.03995378315448761,,1.03
1365,0.5648487210273743,0.7229198217391968,1.056729793548584,0.36110424995422363,,0.827
1366,-0.6689972877502441,0.008076103404164314,1.3998486995697021,-0.4989044666290283,,0.961
1367,0.21429216861724854,-1.0742508172988892,0.46584615111351013,1.3161158561706543,,0.992
1368,-1.5349316596984863,0.49641120433807373,1.6117218732833862,-1.2910902500152588,,1.179
1369,1.1930537223815918,0.9633454084396362,0.2510842978954315,-0.3892294764518738,,0.988
1370,-0.6308541297912598,0.0016775159165263176,-0.609802782535553,-1.1953363418579102,,0.809
1371,0.06286951899528503,0.13074801862239838,-0.26906850934028625,-0.7758235931396484,,0.802
1372,-0.891827404499054,0.6085631251335144,-0.43395736813545227,-0.7680544257164001,,0.59
1373,-0.5985561609268188,-0.32457295060157776,-0.39446908235549927,1.768691062927246,,0.842
1374,-0.8654733896255493,-0.23863673210144043,0.6947106719017029,-0.8224210143089294,,1.515
1375,0.8129110932350159,-0.06945320218801498,-0.8523462414741516,-1.6111031770706177,,0.637
1376,0.7663034796714783,-1.9726476669311523,0.14921660721302032,-1.2664029598236084,,1.277
1377,0.6195510625839233,0.6526488065719604,0.0002173766406485811,-0.010269630700349808,,1.037
1378,-0.5161253213882446,-0.4113457500934601,-0.07418043166399002,-0.7903974056243896,,0.867
1379,0.9613713026046753,0.9589206576347351,-0.9119786620140076,0.04574279114603996,,1.041
1380,-0.8836185932159424,0.5891071557998657,0.24874302744865417,1.0647013187408447,,0.914
1381,0.1295650750398636,0.25103917717933655,1.7596185207366943,-0.960162878036499,,1.259
1382,0.8916301727294922,0.6369902491569519,-0.9504697918891907,-1.6511541604995728,,0.879
1383,-1.0606493949890137,0.2173694223165512,-1.6114791631698608,0.578287661075592,,0.863
1384,0.2096748799085617,-0.28967002034187317,1.2958954572677612,0.8923252820968628,,0.942
1385,-0.6355187296867371,-0.6619960069656372,2.213526725769043,0.457553505897522,,1.012
1386,-0.6776241660118103,0.434983491897583,0.4092619717121124,-0.7292376160621643,,0.898
1387,0.11033237725496292,-0.7926562428474426,0.6425110101699829,-0.4596899151802063,,0.744
1388,0.48512211441993713,0.5528320670127869,0.05879807844758034,-0.35587212443351746,,1.007
1389,0.9397551417350769,0.14736387133598328,-1.5523324012756348,-0.9225071668624878,,0.856
1390,1.6122437715530396,0.554739236831665,-2.1940088272094727,0.03202887997031212,,0.806
1391,0.24149060249328613,0.020034467801451683,-0.9565032720565796,0.42670518159866333,,0.893
1392,-0.3245692253112793,0.8609626889228821,0.6871875524520874,0.2032637596130371,,0.955
1393,0.465652734041214,0.5901950001716614,1.1684893369674683,0.23338252305984497,,1.256
1394,-0.5733599066734314,0.04620756208896637,0.647529125213623,-0.9474526643753052,,1.307
1395,-0.3868538439273834,0.7024344801902771,-0.36334964632987976,-0.8731560111045837,,0.92
1396,-0.1980522871017456,0.4052533805370331,-0.4247618615627289,0.11486902832984924,,0.795
1397,1.4229637384414673,0.3461042046546936,0.6805994510650635,-1.1917545795440674,,0.851
1398,0.6644760370254517,0.278350830078125,-0.5006334185600281,-0.7129465341567993,,0.967
1399,2.090851068496704,0.5131590962409973,-1.5762202739715576,-0.05388106778264046,,0.706
1400,0.44373026490211487,-0.27554646134376526,0.026654472574591637,0.14770002663135529,,0.711
1401,0.016637858003377914,-0.8421539664268494,-0.15855993330478668,1.1475002765655518,,1.091
1402,0.06430109590291977,0.4608748257160187,-0.011912140063941479,1.0538841485977173,,1.084
1403,0.2441871613264084,0.1695934236049652,0.07619068771600723,2.5241899490356445,,0.933
1404,-1.4336953163146973,0.4567904770374298,1.4989396333694458,0.5307185053825378,,1.256
1405,-0.3386947214603424,-1.0421241521835327,0.6194812059402466,-0.28017932176589966,,0.714
1406,-0.7399933934211731,0.9057177305221558,-0.24947939813137054,-0.03216153010725975,,0.764
1407,1.2656779289245605,1.7388644218444824,-0.6537337899208069,0.12447968125343323,,0.931
1408,-0.3815481662750244,0.739715576171875,0.681913435459137,1.3923147916793823,,1.087
1409,-1.1604969501495361,0.10233898460865021,0.8690154552459717,-1.0236520767211914,,0.986
1410,0.17038321495056152,1.0481913089752197,-1.6153589487075806,0.1196727454662323,,0.85
1411,0.43543335795402527,-2.1167895793914795,0.08498870581388474,0.26468124985694885,,1.0
1412,-0.5456490516662598,-0.2960583567619324,1.683430552482605,0.531937301158905,,1.026
1413,1.6046794652938843,1.0848758220672607,0.018046315759420395,-0.3265276253223419,,0.906
1414,-1.3969365358352661,-0.1540805697441101,-0.2946089506149292,-0.46048957109451294,,0.841
1415,0.83540278673172,-0.6393851041793823,0.43338584899902344,0.3724578619003296,,1.096
1416,0.8408318758010864,0.8225113153457642,-0.45558643341064453,1.7689510583877563,,1.179
1417,-0.24887272715568542,0.5118653774261475,0.8208135366439819,0.9861522912979126,,1.131
1418,-0.48808521032333374,-0.5857037901878357,-0.7940552234649658,1.0713304281234741,,0.989
1419,0.5410469174385071,-1.2377305030822754,0.096305251121521,-0.5457082390785217,,1.098
1420,-0.7744390368461609,-1.9805306196212769,-0.7347156405448914,1.3520890474319458,,1.222
1421,0.6020625233650208,-1.56399667263031,0.32228368520736694,-0.2158031314611435,,0.831
1422,0.553061306476593,-1.3003042936325073,-1.2102891206741333,-0.09385290741920471,,0.851
1423,1.3354123830795288,-0.44796642661094666,0.5310758948326111,1.6498726606369019,,0.844
1424,-0.1980825662612915,-0.6414152383804321,1.575404167175293,2.252293586730957,,0.792
1425,-0.5537121295928955,0.24408996105194092,1.2261918783187866,-0.2217095047235489,,1.453
1426,-1.2167943716049194,1.30721914768219,0.10168703645467758,-0.2936151623725891,,0.768
1427,-1.3260899782180786,-0.29405510425567627,1.2890335321426392,0.3175748586654663,,0.844
1428,-1.0686463117599487,2.2959320545196533,0.282319575548172,-0.30246809124946594,,0.919
1429,-0.07221546024084091,-0.3891926109790802,-1.322029709815979,-0.012274819426238537,,0.961
1430,-0.09810680150985718,0.14951510727405548,-0.19470937550067902,-0.7514293789863586,,1.005
1431,-0.6336292624473572,-0.17939689755439758,1.1542952060699463,0.9205765128135681,,0.859
1432,0.07127012312412262,1.3861050605773926,1.3925613164901733,0.08980761468410492,,1.354
1433,-0.6706741452217102,0.8964110016822815,0.8769119381904602,-0.4451636075973511,,0.867
1434,-0.14041246473789215,0.9862756729125977,0.16917048394680023,-0.6315157413482666,,1.274
1435,0.09760966151952744,-0.10495363175868988,-1.548889398574829,0.9347983002662659,,0.776
1436,0.09834866225719452,0.2550750970840454,-0.5981208086013794,0.7976896166801453,,0.941
1437,1.062570333480835,0.6749511361122131,-0.5543391704559326,0.6320767998695374,,0.998
1438,0.9741597175598145,-0.8639734983444214,0.03255986422300339,0.36147868633270264,,0.786
1439,0.7837168574333191,0.9212172627449036,0.32829388976097107,-0.07262306660413742,,0.955
1440,-0.2940756380558014,-1.019476294517517,-0.19782930612564087,-0.03425118327140808,,0.888
1441,-1.5471347570419312,-0.3465428352355957,-0.050522297620773315,0.45888710021972656,,0.943
1442,0.5008007287979126,-1.3772704601287842,-2.016404628753662,-0.07017388194799423,,1.03
1443,-0.3095620274543762,-0.5206267833709717,-0.13997019827365875,0.42194920778274536,,1.337
1444,0.8403922915458679,1.2340662479400635,0.32275018095970154,-0.8624091148376465,,1.02
1445,0.8444040417671204,-1.3598048686981201,-0.4318368434906006,-0.260976105928421,,0.933
1446,0.6032354831695557,0.3034018576145172,-0.9149450659751892,0.20772621035575867,,1.017
1447,-0.27798864245414734,-0.4856898784637451,-0.05208449065685272,0.11664494127035141,,0.873
1448,0.5118647217750549,-0.13766513764858246,0.42707887291908264,-0.3553733825683594,,1.196
1449,0.32754600048065186,0.11538415402173996,-1.4270070791244507,-0.7106189131736755,,0.846
1450,0.8984198570251465,-0.10152614861726761,-0.26716890931129456,-0.008828837424516678,,1.309
1451,-0.8195013403892517,0.4487851858139038,1.1838866472244263,0.515826404094696,,0.837
1452,-0.03073182888329029,-0.1613737791776657,1.6165498495101929,-2.7292892932891846,,0.804
1453,-0.2172827422618866,-0.7264481782913208,1.376969575881958,-1.7720626592636108,,0.623
1454,0.2878410518169403,-0.7916508316993713,-0.949672520160675,-0.9231756925582886,,0.855
1455,1.9688210487365723,-1.1433565616607666,-1.351828932762146,0.06507118791341782,,0.838
1456,1.1981462240219116,-0.9292677640914917,-0.07399876415729523,0.046627454459667206,,0.964
1457,0.6402651071548462,-1.3259813785552979,0.17795275151729584,1.1868888139724731,,1.155
1458,-0.13677747547626495,0.9977058172225952,-0.6616472005844116,-1.242085337638855,,1.046
1459,1.0217585563659668,-0.24996483325958252,-0.8528850674629211,-1.068710207939148,,1.006
1460,1.1463433504104614,1.3294771909713745,1.594381332397461,0.4313512444496155,,1.02
1461,0.3951113820075989,-0.25616392493247986,0.39676615595817566,0.4921792447566986,,0.765
1462,-0.6493663787841797,-1.0031442642211914,-0.2409226894378662,-0.6224552989006042,,1.071
1463,0.07121272385120392,-1.5036016702651978,1.5295495986938477,-0.05078784376382828,,0.909
1464,1.5694022178649902,-0.46704643964767456,-0.46011030673980713,-1.3727365732192993,,0.924
1465,1.0622107982635498,0.5797677040100098,0.025007199496030807,0.1766207218170166,,1.241
1466,-1.039467215538025,0.3939123749732971,-1.2677687406539917,0.25768759846687317,,1.139
1467,-1.2573955059051514,0.9341352581977844,1.01730477809906,0.10720313340425491,,1.064
1468,0.7863942980766296,1.577172040939331,1.0085827112197876,0.31881609559059143,,1.103
1469,-0.007202430162578821,-0.9923092126846313,0.973481297492981,-0.5074841976165771,,1.019
1470,0.1787332147359848,-1.7379536628723145,1.1567054986953735,-0.5248838067054749,,0.796
1471,2.067203998565674,-0.12257452309131622,0.8893417119979858,-0.706247091293335,,0.933
1472,0.4989393353462219,0.06641114503145218,-0.30933281779289246,0.1406075805425644,,1.011
1473,0.3305507004261017,-0.6502178907394409,-0.7968218326568604,0.5879945755004883,,0.975
1474,0.6234170794487,0.6100051403045654,-0.7140283584594727,-0.22160246968269348,,0.799
1475,1.715786099433899,1.0811599493026733,0.37659186124801636,0.9719265103340149,,1.009
1476,0.018236082047224045,0.42189714312553406,-0.6316021084785461,1.115216851234436,,0.873
1477,-0.51465904712677,0.5868514776229858,1.2114465236663818,-0.2836996912956238,,1.073
1478,-0.8401708006858826,0.7706104516983032,1.0788357257843018,0.7500099539756775,,1.066
1479,0.6213789582252502,2.0485241413116455,0.282198965549469,0.33462581038475037,,1.218
1480,0.8400019407272339,0.07653585821390152,-1.1847223043441772,-0.4487548768520355,,0.901
1481,-0.15117105841636658,0.15931209921836853,-0.9998031258583069,-0.05953361093997955,,0.98
1482,-0.6819258332252502,0.8138740062713623,0.7903091311454773,0.027732251212000847,,0.931
1483,0.17344598472118378,1.0096386671066284,-2.644428253173828,1.629991054534912,,0.955
1484,-2.4124960899353027,0.1391494870185852,0.7899621725082397,1.1153112649917603,,1.058
1485,-1.1126575469970703,1.9332084655761719,-0.20381873846054077,0.39508798718452454,,1.512
1486,-1.5978175401687622,0.48228681087493896,-1.004289984703064,0.6670925617218018,,0.73
1487,0.0160219669342041,-0.11152196675539017,0.3901369571685791,1.3447893857955933,,0.916
1488,0.3853735029697418,-0.22106841206550598,-0.7140119075775146,1.1569225788116455,,1.072
1489,-0.11236466467380524,1.4113705158233643,0.4201771318912506,-0.9847878217697144,,1.272
1490,-0.7574781775474548,-0.6832461953163147,-1.3713183403015137,-0.7497018575668335,,0.77
1491,-1.1738542318344116,-1.1605091094970703,0.2582847774028778,-1.2388219833374023,,1.024
1492,0.18023906648159027,1.8719886541366577,-1.5330511331558228,1.1282680034637451,,0.78
1493,-0.1161579042673111,-0.44628819823265076,1.1262693405151367,-0.44290676712989807,,1.171
1494,-0.3676406741142273,0.3076138198375702,-0.25371408462524414,-1.3550068140029907,,0.748
1495,1.8899744749069214,-0.7002274394035339,-1.4042261838912964,-0.09535789489746094,,0.942
1496,1.3225998878479004,-1.363115906715393,0.9170012474060059,-0.4711762070655823,,1.155
1497,0.6947524547576904,-0.23809455335140228,-0.4803427457809448,0.1367877572774887,,1.003
1498,-1.6758769750595093,0.7960044741630554,-0.08674606680870056,-0.6334993839263916,,1.32
1499,-0.6186193823814392,1.93939208984375,0.12028808146715164,-0.6307289600372314,,1.401
1500,1.2857849597930908,0.8677290678024292,1.3801827430725098,-1.6229736804962158,,0.788
1501,0.5218250751495361,-0.6483485102653503,-0.7355292439460754,-0.026610568165779114,,1.095
1502,0.7579229474067688,0.21637389063835144,-0.24958476424217224,1.221778154373169,,1.184
1503,0.5400362014770508,-0.8449668884277344,0.4262206256389618,1.4422247409820557,,1.079
1504,-0.40136605501174927,-0.25500404834747314,-0.10088245570659637,1.0731017589569092,,1.265
1505,0.4867185652256012,0.8583744764328003,0.8185566663742065,-0.46200716495513916,,0.799
1506,1.892471194267273,-0.7833619117736816,-1.0162627696990967,-0.14798851311206818,,0.767
1507,-0.3103123903274536,0.017903346568346024,1.231036901473999,0.43600043654441833,,0.816
1508,-0.44517287611961365,-0.1697278618812561,-0.4193549156188965,-0.1971840262413025,,1.076
1509,-0.9698306322097778,-1.1535435914993286,-0.5236127972602844,-0.6564198136329651,,0.893
1510,0.43991178274154663,0.5320017337799072,-1.096321702003479,0.6545503735542297,,0.815
1511,-1.094335913658142,0.3059275448322296,0.1382228285074234,-1.9294145107269287,,1.2
1512,-0.27661439776420593,-0.026838786900043488,0.7737717628479004,-1.6573336124420166,,1.082
1513,0.016224326565861702,1.8566949367523193,-1.1779532432556152,1.0253177881240845,,0.824
1514,-0.9189034700393677,0.3058535158634186,1.3622902631759644,-0.613978385925293,,0.985
1515,0.512475311756134,1.3742796182632446,-1.5205532312393188,-1.3673652410507202,,1.294
1516,0.7871422171592712,-0.04267455264925957,-0.42543649673461914,-0.34350109100341797,,0.636
1517,0.7218539714813232,-0.20743943750858307,1.2570019960403442,-0.36286497116088867,,1.223
1518,0.4878309667110443,1.1738673448562622,-0.30762606859207153,0.08910305052995682,,1.055
1519,-1.4781670570373535,-0.5010143518447876,0.20199233293533325,0.7922295331954956,,0.749
1520,-0.16923737525939941,0.7336056232452393,-0.3812732696533203,-1.022626519203186,,1.421
1521,-0.6642818450927734,-0.1568189114332199,-0.1965349018573761,-0.21953043341636658,,1.049
1522,1.7933980226516724,0.23946711421012878,-0.4815036654472351,0.38264408707618713,,0.9
1523,-0.09670566022396088,-1.1203991174697876,0.04298044741153717,-0.3093600869178772,,0.862
1524,-0.2880000174045563,-2.604591131210327,-0.02516726218163967,-0.682720959186554,,0.774
1525,-0.2376692146062851,-1.7659554481506348,0.15686646103858948,1.7498036623001099,,0.889
1526,-1.5583157539367676,0.05255734547972679,0.32313767075538635,-0.04919660463929176,,1.274
1527,-0.23472703993320465,0.3600877821445465,0.49371713399887085,-1.2489371299743652,,0.844
1528,1.1832008361816406,-0.08071160316467285,-2.458589792251587,1.3016945123672485,,0.889
1529,0.6210260391235352,1.89052414894104,-0.6116407513618469,1.2324427366256714,,0.712
1530,-0.6594798564910889,-0.38315799832344055,-0.35391122102737427,1.9323810338974,,1.191
1531,0.14076513051986694,0.4261353015899658,-0.574398398399353,-0.24875138700008392,,0.838
1532,1.9767680168151855,1.785178780555725,-0.8221851587295532,-1.140066385269165,,0.884
1533,0.5313872694969177,0.7577301859855652,0.26791954040527344,-0.11591476947069168,,0.898
1534,-0.09615229815244675,0.6363460421562195,0.6035350561141968,-0.09517908841371536,,1.05
1535,-0.5518622994422913,-1.2017236948013306,-0.7501452565193176,-1.2855876684188843,,0.766
1536,-2.0955023765563965,-0.8004149198532104,-0.059403423219919205,0.0766119733452797,,1.05
1537,-1.331780195236206,0.28523698449134827,0.03776465728878975,-1.1009674072265625,,0.962
1538,0.7199878692626953,-1.451170802116394,-0.28582409024238586,0.7618825435638428,,0.838
1539,-1.4076107740402222,-0.8593645691871643,0.8928462862968445,-0.320446640253067,,0.848
1540,-1.3301571607589722,2.423297166824341,-1.5359801054000854,-0.41768521070480347,,1.28
1541,-0.4312344491481781,0.8441156148910522,0.17182666063308716,-0.05384334549307823,,1.115
1542,2.4335594177246094,-0.16533701121807098,0.9540658593177795,0.8538004755973816,,0.601
1543,0.18100732564926147,0.8508406281471252,1.1795685291290283,-0.15733928978443146,,1.04
1544,0.6905412673950195,-0.17176759243011475,-1.3965368270874023,0.6459527611732483,,0.824
1545,0.6943314075469971,0.23526868224143982,0.7547111511230469,-1.9758445024490356,,1.187
1546,-0.27921128273010254,0.2783554196357727,-0.138777956366539,-0.6918686628341675,,0.805
1547,0.7062008380889893,0.20347627997398376,0.7747923135757446,0.36711910367012024,,0.949
1548,0.6295031309127808,0.507845401763916,-0.6057958602905273,-0.609338641166687,,0.88
1549,-1.0805935859680176,-0.8238480091094971,-1.4847185611724854,-0.08160100877285004,,0.845
1550,-0.7770411372184753,0.5888296365737915,0.49933111667633057,0.9948933720588684,,0.99
1551,-0.12542657554149628,-1.4951058626174927,-0.05181611701846123,0.2149532288312912,,1.116
1552,0.3834884464740753,-0.9020399451255798,-1.1532738208770752,0.08704890310764313,,1.047
1553,-1.2017101049423218,0.41964760422706604,-1.0637030601501465,-0.22235414385795593,,0.644
1554,-0.8574818968772888,1.808620572090149,-1.8828433752059937,-0.2525956332683563,,1.083
1555,-1.2254382371902466,0.6975629925727844,0.926426112651825,-0.07789783179759979,,0.916
1556,-0.9359241127967834,1.1187748908996582,-0.23479482531547546,-0.2898464798927307,,0.844
1557,-1.2258553504943848,-1.3050481081008911,-1.126357913017273,-0.3290497958660126,,1.209
1558,0.192286878824234,-0.0775800347328186,-1.2021982669830322,-0.007597808726131916,,1.031
1559,0.12851466238498688,-0.2329181730747223,-0.3556155562400818,0.42730820178985596,,1.082
1560,-0.007458984851837158,-0.6550459861755371,0.2275686264038086,-0.21923674643039703,,0.867
1561,0.6219387650489807,0.03532426431775093,-0.09078890085220337,-0.2225477248430252,,0.801
1562,0.16459274291992188,-0.2844667434692383,0.2840098440647125,-0.35671690106391907,,0.995
1563,0.11868065595626831,0.4189496636390686,0.2647296190261841,0.24108709394931793,,1.026
1564,-1.3222318887710571,-1.653885841369629,0.20222271978855133,1.385640263557434,,1.079
1565,-1.2864590883255005,0.6876259446144104,-0.4475697875022888,0.5229244828224182,,0.811
1566,-0.257967472076416,-1.5527807474136353,0.8485548496246338,0.13821762800216675,,0.786
1567,0.688995361328125,-0.6379889845848083,0.534578800201416,-0.4260518550872803,,0.876
1568,0.049739520996809006,-0.6628836393356323,0.16483189165592194,-0.18703393638134003,,0.954
1569,-0.4291846752166748,-0.11740431189537048,1.9314693212509155,-0.7928199768066406,,1.096
1570,0.01948077790439129,0.0816102847456932,0.46930864453315735,-1.9822163581848145,,1.056
1571,0.8208276629447937,0.6239137053489685,-0.03223543241620064,-1.574302077293396,,0.923
1572,-0.08429878950119019,-0.5999487638473511,-1.8946181535720825,-0.439337819814682,,0.981
1573,1.209126591682434,-1.1477673053741455,-1.434802770614624,1.0755455493927002,,0.748
1574,0.6510334610939026,-0.9776438474655151,0.712044894695282,1.6026041507720947,,0.943
1575,0.1394098401069641,-0.09911996126174927,0.8393115401268005,-0.45130208134651184,,1.242
1576,1.0478988885879517,0.48946598172187805,-0.8231927752494812,0.3068668246269226,,1.079
1577,-0.33343562483787537,-1.440666675567627,1.7773901224136353,0.16662903130054474,,0.722
1578,-0.23477602005004883,0.12701942026615143,-0.5575833916664124,0.8749757409095764,-0.254,0.905
1579,2.2206151485443115,0.645754873752594,-0.06169633939862251,0.7225428223609924,0.727,1.197
1580,1.981284737586975,2.266437292098999,-0.2500483989715576,1.749077320098877,0.8220000000000001,0.945
1581,0.35790786147117615,0.5794239640235901,0.09907659888267517,1.2217413187026978,0.06,1.349
1582,-0.11853966861963272,-0.14326031506061554,0.6697007417678833,1.1097872257232666,0.588,1.008
1583,0.507499635219574,-0.655942440032959,-0.3592766225337982,-0.7044293880462646,-0.508,0.915
1584,1.5649845600128174,-0.02292731963098049,-0.06154334917664528,0.8332337141036987,0.02,0.723
1585,2.0267443656921387,-0.0673728883266449,0.5980294942855835,-0.5113877058029175,-0.9259999999999999,0.871
1586,-0.6564522385597229,-0.21480980515480042,0.5175447463989258,-1.1542707681655884,1.225,0.859
1587,-0.18789277970790863,-1.7180417776107788,0.7905997633934021,-0.25984176993370056,0.7120000000000001,1.041
1588,-0.5765426754951477,-0.29086577892303467,0.22267286479473114,-1.1267526149749756,1.324,1.056
1589,-0.7326027750968933,-1.0188857316970825,0.8671584725379944,-1.3741036653518677,-0.16399999999999998,0.677
1590,1.630366563796997,-0.15541112422943115,1.1852751970291138,-0.4207228124141693,0.851,1.145
1591,0.9554209113121033,-0.23183423280715942,-1.3920823335647583,-0.3081238567829132,0.772,1.024
1592,0.42228737473487854,0.028267577290534973,0.9138678908348083,-2.316944122314453,1.778,0.974
1593,-0.11362125724554062,1.3438607454299927,-0.23099155724048615,-0.5514998435974121,0.747,0.953
1594,-1.578519582748413,1.4045517444610596,1.9639045000076294,-1.2493072748184204,0.523,0.918
1595,-0.3243614435195923,1.0950769186019897,-0.182667538523674,-1.0087969303131104,0.807,0.601
1596,-1.3271496295928955,-1.4957482814788818,-0.6804752945899963,0.7841397523880005,0.43799999999999994,0.783
1597,0.09033232927322388,-0.858166515827179,0.14124973118305206,-0.32332244515419006,1.18,1.168
1598,1.0775457620620728,0.13700813055038452,0.046780847012996674,-0.4342863857746124,-0.503,0.977
1599,-1.236789584159851,-1.8929803371429443,0.0658436045050621,-2.4622316360473633,-1.205,0.801
1600,1.6163969039916992,1.8012614250183105,-1.923109769821167,-1.3756459951400757,-0.19899999999999998,1.025
1601,0.7691035866737366,-2.278766632080078,-0.044557277113199234,-1.6331703662872314,-0.677,1.007
1602,-0.6081534624099731,-1.0648345947265625,-2.2144572734832764,-1.0953859090805054,-0.114,0.987
1603,-1.1739448308944702,0.5784547924995422,-1.0041948556900024,0.15385471284389496,-1.683,0.982
1604,-0.8465357422828674,-0.377030611038208,1.5772312879562378,0.1998535543680191,-0.956,1.194
1605,-0.23900160193443298,-0.11935033649206161,-0.5247073173522949,-0.12696215510368347,-1.095,1.035
1606,-0.18812069296836853,-0.4544226825237274,1.6666457653045654,0.826617419719696,0.27899999999999997,1.198
1607,0.3579161465167999,0.8643320798873901,0.26131001114845276,-0.6918153762817383,0.095,1.235
1608,-0.7688067555427551,-1.6278077363967896,-0.23441000282764435,-0.19447869062423706,0.583,0.961
1609,-0.7306347489356995,-0.27505648136138916,1.4794002771377563,2.2219655513763428,0.19399999999999998,1.151
1610,-1.6949660778045654,-0.47402822971343994,1.8552577495574951,-0.6357166767120361,-0.941,1.355
1611,-1.055773377418518,-1.3385426998138428,-2.001786947250366,0.1257699877023697,0.359,0.83
1612,-0.5368831157684326,-0.5426654815673828,0.08843067288398743,0.24325531721115112,-0.45799999999999996,0.934
1613,0.45399239659309387,-0.14006133377552032,-0.8189167380332947,0.8968566060066223,0.16399999999999998,1.058
1614,0.13842687010765076,0.08916020393371582,0.2894417345523834,1.7342609167099,0.179,1.081
1615,-0.6462342143058777,-0.13568350672721863,0.37729090452194214,0.6620692610740662,-1.051,0.894
1616,-0.20929986238479614,-0.6056748032569885,-0.8118219375610352,1.0747716426849365,-0.5870000000000001,0.812
1617,-1.1960052251815796,-1.9865694046020508,-0.9350144267082214,0.65315842628479,-0.617,0.988
1618,-1.099259376525879,1.3169934749603271,-1.1531190872192383,-0.19099614024162292,0.46799999999999997,1.015
1619,-0.8762759566307068,0.31015220284461975,0.9646815061569214,0.5198366045951843,0.46799999999999997,1.011
1620,-1.0516560077667236,0.7421014308929443,0.13317406177520752,0.4052317142486572,-0.139,0.942
1621,-1.9938395023345947,0.21927620470523834,-0.09383762627840042,-1.1263072490692139,0.43799999999999994,0.841
1622,-0.09802266210317612,0.2031499594449997,-0.39039674401283264,-2.483124017715454,-0.005,0.757
1623,0.9069640636444092,-0.4720529317855835,-0.16762104630470276,-1.0682729482650757,-0.632,0.683
1624,1.1338846683502197,-1.7868821620941162,-0.5619034767150879,-1.0392240285873413,-0.7120000000000001,0.981
1625,0.18239331245422363,-2.2466557025909424,-0.9434763193130493,-2.095862627029419,-0.841,1.084
1626,1.617973804473877,0.923877477645874,-2.3055975437164307,-0.8044899106025696,-0.597,0.664
1627,0.08059773594141006,0.6552044153213501,-0.5443446040153503,-0.4842267632484436,-0.667,1.201
1628,-0.024209024384617805,0.0009009061031974852,-0.3034537434577942,1.1010128259658813,0.045,0.883
1629,-0.7176469564437866,2.523960590362549,1.8799976110458374,0.12614215910434723,0.503,1.027
1630,-0.07002411782741547,1.9381539821624756,-0.8346728086471558,0.6550353765487671,-1.205,1.256
1631,1.1589494943618774,0.5920802354812622,1.4012340307235718,0.29483649134635925,-0.528,1.067
1632,2.4830446243286133,0.7017095685005188,0.35312867164611816,1.3399673700332642,-0.44299999999999995,0.94
1633,-0.20969271659851074,-1.9848356246948242,-0.0419776476919651,1.4895213842391968,-1.304,0.819
1634,-0.276218056678772,1.294285535812378,0.45454397797584534,2.2082738876342773,-0.9259999999999999,0.993
1635,-1.0685927867889404,0.671610414981842,0.37265199422836304,2.023488759994507,-0.762,1.139
1636,-0.5127773284912109,0.35931986570358276,-0.29205000400543213,-0.6912619471549988,-1.5190000000000001,0.893
1637,0.5006813406944275,1.7996529340744019,0.2362959086894989,-0.08431632816791534,-0.493,0.693
1638,0.6054633855819702,0.5056930780410767,0.2518523931503296,0.022581525146961212,-0.737,1.095
1639,-0.8603103756904602,2.4057953357696533,-0.4918699860572815,0.3373076617717743,-0.7020000000000001,0.761
1640,-1.5640102624893188,-0.5675357580184937,0.18353120982646942,-1.5458197593688965,-0.856,1.122
1641,-0.9134843945503235,-1.8908965587615967,0.2519587576389313,0.18803973495960236,-1.056,0.973
1642,-1.3174970149993896,-0.8594186305999756,-0.0039502293802797794,-0.502718985080719,-0.179,0.795
1643,-0.5714386701583862,-0.26001664996147156,-0.48183608055114746,0.6278486847877502,-0.757,0.995
1644,-0.5300527215003967,-0.45504695177078247,-1.8014445304870605,-0.33449453115463257,-0.812,1.186
1645,1.440494418144226,1.177870750427246,-0.7659547924995422,1.59670889377594,-1.4140000000000001,0.97
1646,0.029248835518956184,1.6495190858840942,0.37079960107803345,2.048365354537964,-1.474,1.053
1647,-0.6872950196266174,0.5339598059654236,1.1458308696746826,0.5224931240081787,-1.175,1.407
1648,1.5572177171707153,-0.650607705116272,0.23451076447963715,0.7071972489356995,-1.26,0.868
1649,-0.2703072130680084,0.8190630674362183,-0.36092835664749146,-1.2253015041351318,-0.732,1.039
1650,-0.08784749358892441,0.01532340981066227,-1.4123148918151855,0.478777140378952,-1.5930000000000002,0.943
1651,-1.6319870948791504,0.9951418042182922,0.2328951060771942,-0.35785672068595886,-0.06,1.13
1652,0.1539573222398758,1.8388639688491821,-0.8110729455947876,-0.9368729591369629,-0.5579999999999999,1.172
1653,1.2026259899139404,0.5633706450462341,-1.8665508031845093,1.3290433883666992,-0.8170000000000001,0.602
1654,2.6604416370391846,-1.0322431325912476,0.15636171400547028,0.3393455147743225,-0.209,0.948
1655,-0.14170899987220764,1.1960525512695312,0.526147723197937,0.4736967980861664,-1.568,1.028
1656,-1.0258442163467407,-0.19124534726142883,0.44877728819847107,-0.29435601830482483,-0.07,1.493
1657,0.11221981793642044,1.5795081853866577,-1.1792227029800415,-2.1215708255767822,-1.225,1.099
1658,-0.010028609074652195,0.38919445872306824,-0.17649120092391968,-2.366097927093506,-0.07,0.847
1659,-0.003416219959035516,0.7833775281906128,1.1965241432189941,-0.4522847533226013,-0.747,0.925
1660,-0.7081128358840942,0.7671645283699036,0.39474958181381226,1.3584809303283691,0.284,0.948
1661,-1.3704030513763428,1.0756919384002686,0.6233118176460266,-0.028421692550182343,0.498,1.11
1662,-0.8439491987228394,0.7689765095710754,-1.1906721591949463,-1.6511067152023315,-0.353,0.747
1663,-0.18888603150844574,0.278908371925354,-2.2930874824523926,-1.66729736328125,-1.369,0.776
1664,0.7767580151557922,-0.5107937455177307,0.3676881194114685,0.21721278131008148,-0.667,0.875
1665,0.45355653762817383,1.2606244087219238,1.1280094385147095,-0.6950243711471558,0.16899999999999998,1.095
1666,0.8921124339103699,-0.9315325617790222,-1.0031052827835083,-1.04634690284729,0.418,1.178
1667,1.6687370538711548,0.34735873341560364,-0.04363642632961273,-0.2503163814544678,-0.095,1.133
1668,1.8641995191574097,-1.5641353130340576,1.1988812685012817,0.181721031665802,1.5490000000000002,1.22
1669,1.0758367776870728,-1.1708414554595947,-0.8276147842407227,0.5124668478965759,0.314,0.876
1670,2.0098564624786377,-0.036062609404325485,-0.15764400362968445,1.4310044050216675,1.11,1.086
1671,0.09154759347438812,0.27947649359703064,0.8241133093833923,-0.07508157193660736,0.682,1.105
1672,-0.5167859196662903,-1.8990192413330078,-0.2097519338130951,-0.05386999249458313,1.3840000000000001,0.798
1673,-0.4502062499523163,-0.7062686085700989,1.5007195472717285,-0.22303995490074158,0.5379999999999999,0.926
1674,-1.5189231634140015,-0.38398629426956177,0.4473475217819214,-0.46455708146095276,0.8959999999999999,0.827
1675,-0.0793590173125267,-0.7997144460678101,-0.1202089861035347,-0.3330845832824707,0.996,0.897
1676,0.4820821285247803,-0.9548792243003845,-1.009889006614685,0.30413222312927246,0.33899999999999997,0.86
1677,-0.8169861435890198,1.333611011505127,-1.4484256505966187,-0.0038892144802957773,1.006,1.105
1678,-1.2027841806411743,0.3880191147327423,0.5076172947883606,0.1846105307340622,-0.035,1.196
1679,0.12822577357292175,0.35192760825157166,-0.7752304077148438,0.600403368473053,-1.041,1.08
1680,-1.9699468612670898,0.5867273211479187,-1.1391714811325073,0.8768766522407532,-0.105,1.163
1681,-0.26080140471458435,-0.5619828701019287,-0.5558730959892273,0.9085262417793274,-0.32899999999999996,1.009
1682,-0.25031521916389465,0.030640950426459312,0.16361220180988312,-0.016848033294081688,0.18899999999999997,0.837
1683,-1.8646814823150635,0.13226231932640076,0.26176294684410095,0.5328843593597412,-0.8959999999999999,1.123
1684,0.355000764131546,-1.3287469148635864,0.5063079595565796,-0.551654577255249,-0.09,0.961
1685,2.3552086353302,-1.6961493492126465,0.1279727965593338,0.3740083575248718,-1.329,0.817
1686,0.9203972220420837,1.065577507019043,0.38817933201789856,0.3288210928440094,0.139,1.019
1687,-0.9731024503707886,-0.5244498252868652,0.5156493782997131,-1.0549694299697876,0.249,1.032
1688,-0.6106614470481873,0.00402134470641613,1.0375360250473022,0.2549408972263336,0.5579999999999999,0.887
1689,-0.7424994111061096,0.826326847076416,0.34743207693099976,0.9702540040016174,0.179,0.945
1690,-0.09553230553865433,1.2788164615631104,-0.377524197101593,0.6774431467056274,-0.622,1.137
1691,0.31549763679504395,0.6238024234771729,1.1018762588500977,-0.3165076673030853,-0.682,0.838
1692,-1.5589312314987183,0.35217612981796265,0.8905285000801086,-0.15231968462467194,0.503,0.875
1693,-1.0417563915252686,-0.0895465686917305,0.48080214858055115,-0.7345819473266602,-0.363,1.079
1694,-0.9078627228736877,-0.34071946144104004,-0.4260745644569397,0.5639815330505371,-0.254,0.906
1695,-0.8083854913711548,1.7348699569702148,1.249841570854187,-0.8396129608154297,1.324,0.901
1696,0.8277221322059631,-0.9006257653236389,1.439517617225647,-0.18540865182876587,0.483,0.714
1697,0.3553754389286041,-0.8560220003128052,0.6079111099243164,0.6133723855018616,0.777,0.714
1698,1.1348003149032593,0.7740411758422852,1.3230538368225098,-0.219313383102417,0.772,1.1
1699,-0.4367426931858063,-0.25259801745414734,1.0610648393630981,0.20577239990234375,0.493,0.978
1700,-0.4673108756542206,-1.0186058282852173,-0.25967830419540405,-0.5694860219955444,0.08,1.114
1701,-1.4591631889343262,0.6349464058876038,-0.5912256240844727,-0.09753899276256561,0.652,1.195
1702,-1.3294106721878052,-0.985133171081543,-0.5749279856681824,-0.12725912034511566,-0.14400000000000002,1.263
1703,0.9857437014579773,0.9640781283378601,1.26717209815979,-1.1935573816299438,-0.11900000000000001,1.045
1704,1.155523657798767,-1.0055584907531738,-1.5351790189743042,-0.054555315524339676,0.583,0.884
1705,0.4216594994068146,-0.4853198528289795,-1.004002332687378,-0.375896155834198,0.02,0.926
1706,0.2051379233598709,1.744782567024231,-0.6762654781341553,-0.9794767498970032,-0.523,1.043
1707,0.8150038123130798,-0.15494054555892944,-1.441820502281189,0.616415798664093,-0.5329999999999999,1.128
1708,1.6485508680343628,1.5098475217819214,0.09220743179321289,1.3053107261657715,-1.09,1.094
1709,0.7033447623252869,-1.4543317556381226,0.047554049640893936,-0.5367491841316223,-0.9059999999999999,1.189
1710,-0.711186408996582,1.2200769186019897,0.19844207167625427,-0.20087438821792603,-0.6920000000000001,0.797
1711,-0.2611691951751709,0.5104184150695801,-0.24605892598628998,-0.32871466875076294,-0.14400000000000002,1.097
1712,-0.4244976043701172,0.9769358038902283,-0.1759386956691742,-0.8410112261772156,0.5379999999999999,1.009
1713,-0.36320340633392334,-0.8762025237083435,-0.02579886093735695,0.20004801452159882,-0.124,0.922
1714,0.13275325298309326,-0.1542942374944687,-0.18158887326717377,0.04979908838868141,-0.015,0.94
1715,0.575630784034729,-2.1744863986968994,-0.3116757571697235,-0.9157919883728027,0.259,1.001
1716,0.8806260228157043,-1.389725685119629,-1.7856308221817017,-0.7481364607810974,-0.991,1.001
1717,0.9668751955032349,2.273806571960449,-1.3092998266220093,-1.489103078842163,0.115,0.968
1718,-0.16112349927425385,2.8087048530578613,1.2368595600128174,0.04657522216439247,-0.06,1.074
1719,-0.7407142519950867,0.953423798084259,0.7449917793273926,1.921082854270935,-0.408,1.138
1720,-1.7679541110992432,1.1757055521011353,0.31672725081443787,-1.0756239891052246,0.40299999999999997,1.13
1721,-0.10557233542203903,3.7680954933166504,0.8884292840957642,0.8600505590438843,-0.16399999999999998,1.004
1722,0.5097286701202393,0.47310182452201843,-0.06285298615694046,0.38827434182167053,-0.149,0.756
1723,-0.7020716071128845,0.03752134367823601,0.88960200548172,0.035039935261011124,-0.563,1.105
1724,0.23096224665641785,-0.6570792198181152,-0.20977120101451874,-1.804583191871643,0.21899999999999997,0.819
1725,-0.274385541677475,-1.3262410163879395,-0.36330339312553406,-1.3884477615356445,-1.982,0.745
1726,-2.307196855545044,-0.2259845733642578,-2.4098076820373535,-0.36435964703559875,-0.657,0.948
1727,-1.4405659437179565,-1.7911323308944702,-0.5163692235946655,-1.7556087970733643,-0.04,1.316
1728,0.6039456725120544,-0.5300071239471436,-0.60342937707901,0.2950149476528168,-0.578,0.921
1729,1.6551451683044434,0.640920877456665,0.6268028020858765,0.07960426062345505,0.259,1.075
1730,0.7952939867973328,-1.9062927961349487,-0.044675327837467194,-1.3892242908477783,-0.46799999999999997,0.877
1731,0.38148894906044006,-0.6865675449371338,0.1697980910539627,0.5085592865943909,-0.254,0.849
1732,-0.5679296851158142,-0.9612913727760315,0.8015144467353821,-0.7827968597412109,-0.622,1.061
1733,0.992989182472229,-0.8806024789810181,-0.8940104246139526,-0.416220486164093,-1.115,1.105
1734,-0.5883620381355286,0.10043452680110931,-0.7070682048797607,1.4958597421646118,0.588,1.203
1735,1.9657410383224487,1.8886150121688843,1.4529892206192017,0.24147456884384155,1.006,1.253
1736,1.2511770725250244,1.3303275108337402,0.8494369387626648,-0.9038492441177368,-0.06,1.103
1737,0.37480679154396057,-0.415484219789505,-0.15334847569465637,0.5750194191932678,1.205,1.11
1738,-0.7882932424545288,-1.8426705598831177,0.14868301153182983,0.004230522084981203,0.528,1.122
1739,0.7089437246322632,0.026808978989720345,0.40783530473709106,-0.7241323590278625,-0.8909999999999999,0.631
1740,-0.34991884231567383,-0.5861173272132874,0.741154670715332,-1.3993239402770996,-0.18899999999999997,1.054
1741,-0.03995629772543907,1.22301185131073,1.6506656408309937,-2.3140835762023926,-1.334,0.682
1742,1.1102941036224365,-0.905936598777771,-2.3555705547332764,-1.2755255699157715,-0.563,0.843
1743,-0.3924190104007721,0.17176739871501923,-0.4443248510360718,0.20542456209659576,0.687,0.757
1744,0.029480554163455963,1.2002321481704712,0.026270728558301926,0.564316987991333,-0.981,1.003
1745,-1.2240313291549683,-0.901653528213501,0.6535839438438416,-0.31550899147987366,0.5479999999999999,1.348
1746,-2.9835801124572754,0.23391905426979065,-0.2704249620437622,1.006027340888977,-1.354,1.114
1747,-2.823232650756836,1.0040514469146729,1.2106620073318481,-0.18119964003562927,1.145,1.184
1748,2.0172741413116455,0.9024337530136108,-0.11283335834741592,0.5292395353317261,1.489,0.949
1749,-1.058804988861084,-0.49047166109085083,-1.0786457061767578,-0.8595373034477234,0.563,0.837
1750,-0.3250493109226227,-1.6881483793258667,-0.6709281802177429,0.6199553608894348,0.214,0.901
1751,-0.2330174446105957,0.7355986833572388,0.6415207982063293,-0.7884321212768555,-1.6980000000000002,1.23
1752,1.9817136526107788,-1.5140793323516846,-0.22714465856552124,0.46068111062049866,-0.214,0.806
1753,0.5584732890129089,-0.5742995142936707,-0.16837233304977417,0.6791043281555176,-0.9159999999999999,0.935
1754,0.00028313769144006073,-0.8498857021331787,-0.4102430045604706,-0.3375815451145172,-0.22899999999999998,0.881
1755,0.64588862657547,-0.5554236769676208,0.42397233843803406,0.07794919610023499,-0.8170000000000001,0.752
1756,1.5702515840530396,2.655508518218994,1.5707731246948242,-0.12677431106567383,0.33399999999999996,0.832
1757,1.7130013704299927,1.1944255828857422,0.3851601481437683,0.28931987285614014,-0.373,0.935
1758,-0.37205302715301514,0.5940893888473511,-0.7052505612373352,1.2110531330108643,-0.642,1.024
1759,-0.1121397390961647,1.7120375633239746,0.8324891328811646,0.3981417417526245,1.165,1.348
1760,-0.16721218824386597,0.16902874410152435,-1.5446410179138184,1.2313750982284546,0.37799999999999995,0.778
1761,-1.2021559476852417,-1.2966870069503784,0.4750465750694275,1.648988127708435,-0.677,0.926
1762,-1.1234748363494873,-0.013037643395364285,-0.7479472756385803,0.6121576428413391,-0.015,0.901
1763,1.006285309791565,-1.1287744045257568,-0.33654510974884033,1.4679352045059204,-0.43799999999999994,1.012
1764,-0.7364581823348999,0.5851529240608215,0.8024618029594421,-0.5611247420310974,-0.5329999999999999,1.391
1765,0.6960806846618652,0.8126408457756042,0.14279840886592865,0.9189199209213257,-0.772,0.875
1766,-1.6871417760849,-0.6540968418121338,1.6844037771224976,-0.2713782489299774,-0.772,0.95
1767,-0.7654070258140564,-1.3582431077957153,0.09617427736520767,0.08796495199203491,-0.871,1.007
1768,-0.8921427726745605,-0.6509329080581665,-0.13787764310836792,0.8149829506874084,-0.797,0.883
1769,-0.5814734697341919,0.2692965865135193,0.18038004636764526,-0.004608224146068096,-0.134,1.178
1770,0.1117950975894928,1.0755624771118164,0.6522437334060669,1.8908997774124146,0.807,1.061
1771,-1.7356898784637451,0.4024312496185303,1.3028253316879272,-0.29429593682289124,-1.08,0.966
1772,0.8230410218238831,-0.7226231098175049,1.1431376934051514,0.6915054321289062,-0.797,0.828
1773,2.0188944339752197,-1.1638752222061157,-0.5126944780349731,0.7932789325714111,-0.951,1.145
1774,0.6465561985969543,-0.07446038722991943,0.9935148358345032,-2.066047191619873,-0.18899999999999997,0.864
1775,-0.559620201587677,-1.8748738765716553,-1.2208424806594849,-1.4899431467056274,0.085,0.724
1776,-0.02770637907087803,1.1656792163848877,0.14471249282360077,-0.12926921248435974,-0.264,0.975
1777,0.9582778811454773,0.31559130549430847,0.860685408115387,0.17018857598304749,-0.114,1.027
1778,0.667304515838623,-1.2039051055908203,-1.0960553884506226,0.7077094316482544,0.254,0.802
1779,-0.0012693849857896566,-0.7747494578361511,0.8539863228797913,-0.19185881316661835,-0.9059999999999999,0.792
1780,0.9861059188842773,-0.7830657958984375,-0.141102597117424,-1.050904393196106,0.21899999999999997,1.155
1781,0.23984649777412415,-0.9387885928153992,0.024468054994940758,-0.7289302349090576,-0.757,1.158
1782,1.5686010122299194,1.2033107280731201,-0.7883654832839966,1.2951085567474365,0.14400000000000002,1.08
1783,-0.5789798498153687,3.024679183959961,1.4655598402023315,-1.065497636795044,-0.085,1.076
1784,-1.9169584512710571,0.4977075159549713,-0.5238891243934631,-1.7919362783432007,-1.265,0.782
1785,0.5954297184944153,-0.03461556136608124,-1.732692837715149,-1.1199977397918701,0.33399999999999996,0.936
1786,1.0199662446975708,-0.9686429500579834,-1.1722651720046997,0.35820290446281433,0.32899999999999996,0.909
1787,-1.058369517326355,-1.0499513149261475,-0.9740987420082092,0.8201594948768616,0.8859999999999999,0.999
1788,0.4965144991874695,0.5684354901313782,-0.21832507848739624,-0.06791587173938751,-0.637,0.826
1789,1.6294795274734497,-2.5753564834594727,1.3070369958877563,-1.0031499862670898,0.986,0.971
1790,0.4257029592990875,-1.2112473249435425,-2.41192626953125,1.425526738166809,-0.43799999999999994,0.996
1791,-0.7927131056785583,0.18768543004989624,-0.2559184432029724,1.4401134252548218,-0.02,0.873
1792,-1.9753719568252563,0.37180599570274353,0.17228825390338898,0.5475503206253052,0.946,1.152
1793,-2.366572380065918,2.1162667274475098,0.4818778336048126,0.005284993443638086,-1.185,0.972
1794,0.0956447497010231,2.432029962539673,0.4636194705963135,0.30020269751548767,-0.22899999999999998,0.86
1795,0.1366468369960785,1.9079333543777466,0.04738171026110649,0.02780037932097912,-0.05,0.909
1796,-0.2446206957101822,0.6042608022689819,0.936917781829834,-1.6099985837936401,-1.12,0.956
1797,-0.529028594493866,-0.9089375734329224,0.34872812032699585,-1.2333248853683472,0.154,0.958
1798,1.4800913333892822,0.36033371090888977,0.792094886302948,1.0417042970657349,1.095,0.841
1799,-0.7784649133682251,-0.4061650335788727,0.8862659931182861,0.1408681422472,0.732,0.999
1800,0.45801594853401184,2.6049904823303223,1.4802501201629639,-1.2999681234359741,1.5930000000000002,1.183
1801,0.8521266579627991,-2.4610674381256104,0.2750854194164276,-1.9586728811264038,-0.353,0.799
1802,-0.508126437664032,-0.7383883595466614,-2.2561802864074707,0.4561792314052582,0.01,0.893
1803,-0.30482953786849976,-0.5481788516044617,0.9190082550048828,2.6097357273101807,-0.363,0.925
1804,-0.542837917804718,0.3365594744682312,2.916187286376953,0.554043173789978,0.14400000000000002,1.182
1805,0.9760851263999939,-1.2852574586868286,1.4323054552078247,-1.8825162649154663,-0.612,0.675
1806,0.9070723056793213,-1.7038193941116333,-0.6430855989456177,0.113676518201828,-0.8909999999999999,0.783
1807,-0.11806236207485199,0.6045050024986267,-0.7682432532310486,-0.022097142413258553,0.314,0.936
1808,1.0847786664962769,0.7343025803565979,-1.7232215404510498,-0.5284478068351746,0.44799999999999995,1.06
1809,0.7990800738334656,-0.04425613582134247,-1.6202092170715332,-2.10252046585083,-0.32899999999999996,1.096
1810,-0.4442701041698456,-1.344022274017334,-1.9917715787887573,0.8146106600761414,1.464,0.623
1811,-1.0994333028793335,-1.2239799499511719,0.1283678412437439,0.8315739631652832,0.309,1.058
1812,0.27752020955085754,-0.06862950325012207,-0.20173676311969757,-0.48284217715263367,1.11,0.99
1813,0.7320674061775208,-0.21760757267475128,1.1609073877334595,-0.27041324973106384,0.488,1.002
1814,-0.5116404294967651,0.03638777509331703,1.8912343978881836,-1.8432097434997559,0.025,1.219
1815,-1.0957871675491333,1.017096996307373,-0.525592029094696,-0.9581512808799744,-0.498,0.651
1816,-2.0551490783691406,1.3049112558364868,0.9847075939178467,0.11378417909145355,0.513,0.671
1817,-0.41224968433380127,2.0587663650512695,-0.036301497370004654,0.41187626123428345,1.135,0.961
1818,1.5527969598770142,-0.22784821689128876,-0.3669872283935547,0.9739639163017273,-0.05,1.025
1819,1.2925500869750977,-1.5629569292068481,-0.43381941318511963,-0.34052300453186035,0.075,0.99
1820,1.9189919233322144,-1.352888584136963,-0.24871531128883362,-0.3583468794822693,-0.154,0.948
1821,-0.35003143548965454,-0.6957351565361023,0.9077844023704529,1.0394575595855713,0.27399999999999997,1.163
1822,2.0533595085144043,0.5933666825294495,-0.38476017117500305,1.157431960105896,-0.483,1.384
1823,1.4711004495620728,0.9197861552238464,-0.0975700318813324,0.7271894216537476,0.508,0.967
1824,1.309990406036377,0.36044445633888245,0.6250225305557251,1.5508437156677246,-0.408,1.184
1825,-0.9286763668060303,-1.1268686056137085,0.37389710545539856,-0.22797560691833496,-0.159,1.179
1826,-1.044054627418518,-1.0533359050750732,0.402530699968338,-2.1143884658813477,-0.851,0.936
1827,-1.0709513425827026,0.5445843935012817,1.0814014673233032,1.573451280593872,0.5379999999999999,0.816
1828,-2.3859739303588867,-0.6367097496986389,0.02933766134083271,0.3505866527557373,0.846,1.107
1829,-0.022799275815486908,1.1846704483032227,-2.0680453777313232,-1.1386713981628418,0.16399999999999998,0.864
1830,-0.9522198438644409,-1.496054768562317,-0.8043355345726013,-1.1515862941741943,1.21,0.908
1831,0.19110317528247833,0.8374260663986206,-1.6638017892837524,-0.7702248096466064,0.075,1.022
1832,-1.1008808612823486,-1.9845185279846191,1.0154210329055786,-0.10191542655229568,2.141,0.846
1833,-2.1067681312561035,0.26000943779945374,-0.15086102485656738,-0.3171924650669098,0.05,1.185
1834,-0.206158846616745,1.9364715814590454,0.028978871181607246,-1.2947311401367188,1.275,1.179
1835,-0.66907799243927,-0.4243357479572296,-0.7118260264396667,-0.8182715177536011,-0.095,0.959
1836,-0.6638466715812683,-0.5124209523200989,-0.12143005430698395,0.2806510925292969,-0.025,0.753
1837,-1.1838940382003784,0.3321441411972046,0.5434319972991943,1.3353341817855835,-0.08,0.902
1838,-1.4460755586624146,-0.8391274213790894,-0.3100251853466034,0.45203015208244324,0.359,1.2
1839,-1.9542884826660156,0.2688940167427063,-0.15090346336364746,0.6109505295753479,0.617,1.241
1840,-1.2119406461715698,0.30378982424736023,1.1049774885177612,-0.10112044215202332,-1.9169999999999998,1.188
1841,1.1091169118881226,0.8389966487884521,-0.1941031664609909,-0.7086225748062134,0.632,1.232
1842,1.8251631259918213,-0.6754311323165894,0.7029549479484558,0.4954546093940735,-0.134,1.084
1843,0.344920814037323,1.907157301902771,0.9164705276489258,-0.3115491271018982,-0.19899999999999998,0.905
1844,-1.150655746459961,1.0052274465560913,0.27395761013031006,-0.1369854360818863,0.583,1.156
1845,0.6502465605735779,-0.15222665667533875,0.5717134475708008,0.7167778611183167,-0.408,1.276
1846,0.3907921612262726,2.0122742652893066,-0.45636048913002014,0.10117864608764648,0.846,1.11
1847,2.0075459480285645,0.017446286976337433,-0.10751206427812576,-0.563438355922699,-1.8769999999999998,0.792
1848,0.781110405921936,0.8950505256652832,0.1933249831199646,-0.41822415590286255,-0.37799999999999995,0.879
1849,-1.5759071111679077,0.12615489959716797,0.16811999678611755,-1.4090416431427002,-1.046,1.035
1850,-1.2533519268035889,0.15580129623413086,-0.1135961264371872,0.35946550965309143,-1.329,1.238
1851,1.1419199705123901,-1.1006358861923218,0.7451905608177185,-0.694063127040863,-0.5870000000000001,1.013
1852,-0.3150389790534973,0.7468932867050171,-0.007116787135601044,0.15122216939926147,-0.11900000000000001,0.96
1853,-1.3623446226119995,-1.0811361074447632,-0.01772294007241726,0.5706314444541931,0.8759999999999999,1.083
1854,-0.6015907526016235,-0.7054990530014038,0.14655646681785583,-1.8563237190246582,1.275,0.853
1855,1.0612561702728271,-0.19278575479984283,0.5128968358039856,1.2664649486541748,-0.19899999999999998,1.018
1856,0.6014136672019958,1.0766620635986328,0.5322487950325012,0.40706419944763184,0.11,1.012
1857,1.0480809211730957,0.12584960460662842,-0.1523657590150833,-0.6764626502990723,-0.02,0.852
1858,-1.0566223859786987,1.0678199529647827,-0.8184573650360107,-0.42108479142189026,0.344,0.982
1859,0.6808423399925232,0.6309774518013,0.3212220072746277,0.19311505556106567,-0.005,1.149
1860,0.5589655637741089,-1.2703173160552979,0.5683348178863525,-0.5469045042991638,-0.353,1.122
1861,1.473498821258545,-1.2750680446624756,-2.1183974742889404,-1.9623817205429077,-1.444,1.102
1862,0.0038563990965485573,-1.6568886041641235,-0.4912833869457245,-0.30037686228752136,-0.807,0.641
1863,2.4272868633270264,1.8438705205917358,-1.3303462266921997,-0.43948647379875183,-0.149,1.171
1864,2.416633367538452,1.0002822875976562,-0.7548405528068542,0.8118263483047485,-1.16,0.853
1865,0.7536615133285522,1.2056604623794556,-0.9630848169326782,0.6942960023880005,0.38799999999999996,1.324
1866,-1.4848015308380127,-1.6197824478149414,0.4026091694831848,1.0225425958633423,-0.612,1.179
1867,-1.364179253578186,-0.11700790375471115,-0.36556848883628845,0.5703100562095642,-0.846,0.954
1868,-1.6455755233764648,-0.5570289492607117,0.27944356203079224,2.3744659423828125,-1.12,0.789
1869,-1.566636323928833,2.663794994354248,1.6478787660598755,0.11119355261325836,0.354,1.308
1870,0.6901686191558838,1.4185237884521484,0.6137242317199707,-1.6089802980422974,-0.32899999999999996,0.856
1871,1.6858482360839844,1.4735031127929688,-2.11322021484375,-0.34316733479499817,-0.16399999999999998,0.778
1872,0.4168303310871124,-0.2656765878200531,0.18859410285949707,-0.20329129695892334,-0.418,1.071
1873,0.5709246397018433,-0.5287925004959106,0.9141217470169067,-0.6748055815696716,-0.6920000000000001,0.886
1874,0.7883946299552917,0.277656614780426,0.051398519426584244,-1.9297443628311157,0.01,1.062
1875,0.41472142934799194,0.46719878911972046,0.33160701394081116,-0.351383239030838,-0.264,0.889
1876,-0.08099919557571411,-0.5344556570053101,1.0913344621658325,0.27550461888313293,-1.3840000000000001,1.202
1877,-0.20637129247188568,-0.5467281937599182,-1.708128809928894,3.0894291400909424,-0.21899999999999997,0.913
1878,-1.0478854179382324,-1.1867817640304565,1.3720203638076782,1.6152914762496948,-0.055,1.568
1879,1.3064662218093872,-1.1282185316085815,-1.0060673952102661,-0.9354243278503418,-1.6680000000000001,0.703
1880,1.6524397134780884,-1.228452205657959,-0.6748208403587341,-0.7173378467559814,-0.5920000000000001,0.798
1881,0.5085684061050415,-1.039077877998352,-0.4795178174972534,-0.06160583347082138,-0.408,0.881
1882,-0.3022403419017792,0.3697175681591034,-0.6305521726608276,-0.8187947869300842,0.632,0.945
1883,0.16335447132587433,0.9741299152374268,0.24717989563941956,-0.6602602005004883,-0.304,0.828
1884,-1.1789084672927856,-0.6002980470657349,-0.211534783244133,-0.11582335084676743,-0.26899999999999996,1.159
1885,-1.5852130651474,-0.9053486585617065,-0.9619651436805725,1.732526183128357,0.981,1.114
1886,0.2746987044811249,0.10094653069972992,0.7544591426849365,0.24148549139499664,0.239,1.142
1887,1.1530354022979736,-0.5950138568878174,0.40402206778526306,-0.2804102599620819,-1.2,0.772
1888,-0.5923439264297485,0.3289793133735657,0.9197177886962891,1.5884366035461426,-1.195,1.024
1889,-0.09026994556188583,2.3994147777557373,1.3988994359970093,0.5327178835868835,-0.662,1.383
1890,-0.0682189017534256,0.602087140083313,0.18546947836875916,-1.1000005006790161,-1.6780000000000002,0.682
1891,-1.2561566829681396,-0.2367616891860962,-0.060651764273643494,0.08804476261138916,-1.538,0.738
1892,-0.027201836928725243,-0.3661077916622162,-0.33437126874923706,-0.8269590139389038,0.37799999999999995,1.182
1893,1.6103335618972778,-0.6451848149299622,-1.395921230316162,0.32419562339782715,-0.8909999999999999,0.737
1894,1.3576022386550903,-1.5291812419891357,-0.09567607939243317,-0.36566534638404846,1.041,0.863
1895,0.3636489510536194,0.5698021650314331,-2.4354546070098877,0.03098805993795395,0.045,1.197
1896,1.2322196960449219,0.22617480158805847,0.5832938551902771,1.9110502004623413,0.324,1.18
1897,-0.5789836049079895,0.4677071273326874,0.5511506199836731,0.9270554184913635,0.27399999999999997,1.183
1898,-0.7041074633598328,0.8682351112365723,0.23379303514957428,-1.4215357303619385,-0.9259999999999999,0.779
1899,1.0679631233215332,-1.2088127136230469,-0.9549732208251953,1.1891810894012451,-0.682,0.766
1900,0.7413884997367859,-0.30439746379852295,0.3182072937488556,1.3904160261154175,-0.841,1.086
1901,0.28040561079978943,-0.1372385323047638,0.16596496105194092,0.4114883244037628,-0.568,1.097
1902,1.7043217420578003,-1.016597032546997,-1.521467685699463,1.1289106607437134,-0.807,0.861
1903,-1.1222773790359497,0.5168048143386841,0.5753268003463745,1.1803563833236694,0.105,0.938
1904,1.1336565017700195,-1.335805058479309,0.38341525197029114,0.9426875114440918,-1.29,0.883
1905,-1.5168285369873047,0.2718491554260254,0.1556837558746338,1.066725254058838,0.986,0.858
1906,-1.707605004310608,-0.23448723554611206,1.1018041372299194,-0.12146180123090744,0.8270000000000001,0.767
1907,-2.8064606189727783,-1.6423163414001465,0.9372531771659851,0.5003207921981812,-0.787,0.972
1908,-1.8154178857803345,-0.3041207492351532,1.4117133617401123,-0.2712116241455078,-1.643,1.222
1909,-1.1723697185516357,-0.6650218367576599,-1.8204034566879272,0.41165775060653687,-1.27,0.957
1910,0.5066885352134705,-0.4007488489151001,0.47425001859664917,-1.3086849451065063,-1.13,0.854
1911,0.11778777837753296,-0.7984930872917175,-0.6645075678825378,-0.4710506796836853,-1.22,0.786
1912,-1.4494009017944336,-0.33924970030784607,-0.23653219640254974,-0.265404611825943,0.483,1.318
1913,-0.8741263747215271,-1.2471293210983276,-0.5233062505722046,0.1872980147600174,-1.046,1.072
1914,-2.0954604148864746,-0.502112627029419,0.6245912313461304,0.6434395909309387,1.011,1.306
1915,-2.2725026607513428,-0.02942012995481491,-0.8945677876472473,-0.6270102858543396,0.09,1.232
1916,-1.4738599061965942,-2.074866533279419,0.4753561317920685,-3.217927932739258,-1.7530000000000001,0.794
1917,-0.4810113310813904,0.1909748613834381,-3.1180853843688965,-1.613803744316101,-2.076,0.565
1918,0.5460736751556396,0.4675327241420746,-2.61291766166687,0.7588723301887512,0.23399999999999999,0.876
1919,-1.032797932624817,2.3946533203125,0.29710936546325684,1.3300395011901855,0.856,1.386
1920,-1.7727421522140503,1.9681434631347656,0.7712815403938293,0.5406172871589661,1.992,1.156
1921,-1.3473248481750488,-0.7671175599098206,1.535656213760376,-0.5924709439277649,-0.085,0.957
1922,-0.1930515468120575,0.5388038158416748,0.7190414071083069,-0.4239283502101898,0.314,0.789
1923,-0.16835786402225494,-0.27974197268486023,0.8982475399971008,-0.7420263886451721,-0.124,0.99
1924,-0.4152442216873169,2.0999765396118164,1.08219575881958,-0.4842924475669861,-0.861,1.026
1925,1.4531943798065186,-2.150193214416504,-1.044447898864746,0.5783302187919617,0.204,0.877
1926,-0.44481217861175537,1.6787604093551636,-0.11904256045818329,0.4377776086330414,-0.363,1.345
1927,-0.8581742644309998,-0.7377749085426331,-0.8020749092102051,-2.09613299369812,-1.115,0.967
1928,-0.5916098952293396,0.21828274428844452,-0.5225834250450134,-1.71540367603302,-0.19399999999999998,0.976
1929,0.0015335798962041736,0.845609724521637,-0.6555794477462769,-0.10880657285451889,-1.8319999999999999,0.952
1930,-0.3044337034225464,0.873940646648407,1.1136236190795898,1.5655975341796875,-0.9309999999999999,0.885
1931,0.31393519043922424,2.7388463020324707,2.1780309677124023,0.16041210293769836,-0.209,1.19
1932,-1.0275006294250488,-0.06478054821491241,-0.49337098002433777,-1.3017821311950684,0.14400000000000002,0.94
1933,-0.015931664034724236,1.462145447731018,-0.8828961253166199,-1.5367484092712402,-0.732,1.098
1934,2.6823925971984863,1.503804087638855,0.5781177282333374,0.24425825476646423,-0.16899999999999998,0.8
1935,-0.11680742353200912,0.2877279222011566,0.9271283149719238,0.9600845575332642,-1.12,1.066
1936,1.0693659782409668,1.184146761894226,-0.47816839814186096,0.8242977857589722,-1.474,0.986
1937,-0.10908754914999008,0.5224356651306152,0.9496610164642334,-0.02262316457927227,-0.503,0.964
1938,-0.6059765219688416,-0.16023819148540497,0.8266869187355042,-1.2547614574432373,-0.7120000000000001,0.88
1939,1.2329232692718506,0.9944817423820496,0.0074010081589221954,-0.9876221418380737,-0.124,0.879
1940,0.5278230309486389,0.6911327838897705,-0.8082790970802307,0.8582282066345215,-0.40299999999999997,0.891
1941,-1.9182716608047485,0.2820604145526886,0.19723060727119446,-0.06616801768541336,1.807,0.857
1942,-1.7953534126281738,-0.6770391464233398,2.013963460922241,-1.8903119564056396,-0.5920000000000001,0.693
1943,-0.34864547848701477,-0.9598854184150696,0.12656085193157196,-1.972001314163208,0.37799999999999995,0.749
1944,-0.8161219358444214,0.4283890426158905,-1.4591363668441772,0.8793511390686035,-0.846,0.974
1945,-0.9032559990882874,-0.09101428836584091,0.15415501594543457,0.1519707888364792,0.159,1.079
1946,0.5633341073989868,-0.34244686365127563,-1.6126582622528076,0.6061179637908936,-0.856,1.215
1947,-0.685077428817749,-0.2980439066886902,0.44800814986228943,-0.3621675670146942,-1.24,0.957
1948,-0.11843650788068771,-0.627931535243988,-0.5619162917137146,-0.180021271109581,-0.498,0.964
1949,-0.9454454779624939,0.9212761521339417,-0.16301773488521576,0.49107956886291504,-1.19,0.783
1950,0.47669705748558044,-0.3154364824295044,-1.4355443716049194,-0.8195880055427551,0.423,1.162
1951,0.8010087609291077,-0.9612464308738708,-0.7392775416374207,0.5434520244598389,-0.971,1.031
1952,-0.5110649466514587,-0.8905760049819946,2.0156376361846924,-1.2972548007965088,0.637,1.121
1953,0.6211481094360352,-1.8120535612106323,0.5244382619857788,-1.3629893064498901,-0.433,0.915
1954,1.674554705619812,-1.3097350597381592,0.8911247849464417,-0.24759717285633087,-0.523,1.082
1955,1.1298916339874268,-0.1886967420578003,-0.533961296081543,-0.9160274267196655,-0.129,1.014
1956,2.0734620094299316,-1.4697678089141846,-1.4168092012405396,-2.160696029663086,-0.209,0.978
1957,0.01174576673656702,-0.8745289444923401,0.029521184042096138,0.8222880959510803,-0.5329999999999999,1.132
1958,-0.8863006830215454,0.2180662304162979,3.5904932022094727,0.6802687048912048,0.637,0.949
1959,1.2741528749465942,0.7125611901283264,1.5614304542541504,-1.2719143629074097,-0.493,1.033
1960,0.1443243771791458,0.7363321781158447,0.8605591058731079,-1.0284457206726074,0.8270000000000001,0.901
1961,1.1673078536987305,1.5266727209091187,-0.9376880526542664,-0.23749488592147827,-0.846,1.099
1962,-0.4297060966491699,-0.802245557308197,-2.295058012008667,-0.6964386105537415,1.125,0.838
1963,0.7230302095413208,-1.550539493560791,-0.8083012700080872,2.182267904281616,-0.19899999999999998,0.749
1964,1.0346214771270752,-0.38217252492904663,1.3656758069992065,-1.3568248748779297,2.823,1.239
1965,-1.1672691106796265,-1.0167250633239746,-0.916236400604248,0.37900522351264954,0.214,0.687
1966,0.23341286182403564,0.6569554805755615,0.6669958829879761,-0.8007678389549255,0.27899999999999997,1.078
1967,0.15741103887557983,-0.26942723989486694,0.5783087611198425,0.10690050572156906,-0.124,0.725
1968,-0.41673544049263,1.2255905866622925,-1.4648149013519287,1.631354570388794,0.45299999999999996,0.677
1969,-1.1493507623672485,-1.1733653545379639,0.9583612680435181,1.4382739067077637,-0.9009999999999999,1.129
1970,-0.4407688081264496,0.09811820834875107,-1.4071379899978638,-1.5483458042144775,-0.871,1.107
1971,0.8269850015640259,-1.4164133071899414,-2.770106554031372,-2.1443610191345215,-1.768,0.764
1972,0.3483256995677948,-0.3095792829990387,1.5621058940887451,1.1938987970352173,-0.353,0.833
1973,-1.4820277690887451,1.07675039768219,1.1612836122512817,-0.7623857855796814,-0.617,1.463
1974,0.96342933177948,-0.7639856934547424,-1.904889464378357,0.2236814945936203,-1.235,0.999
1975,-1.2931454181671143,-0.08873170614242554,-0.6142964363098145,-2.0483407974243164,-0.5479999999999999,1.005
1976,-0.10670311003923416,0.11196588724851608,-2.1922709941864014,1.446617603302002,-0.722,0.948
1977,1.3165985345840454,1.3411369323730469,-2.2136306762695312,3.173177719116211,1.006,1.063
1978,-0.7019733786582947,-2.1038849353790283,-1.3684241771697998,0.4393516182899475,0.7170000000000001,1.034
1979,-1.9659560918807983,1.4707378149032593,1.4677339792251587,0.7735812067985535,0.39799999999999996,1.024
1980,-0.20211002230644226,-0.7941581010818481,0.9677274227142334,0.7514672875404358,-0.209,1.004
1981,0.3497108817100525,0.6353983879089355,1.3625649213790894,0.7016196846961975,0.015,0.849
1982,-0.6706110835075378,-1.263758897781372,-0.7917337417602539,2.396160125732422,0.607,0.966
1983,-2.303281545639038,-1.5865652561187744,0.5111823678016663,1.1971522569656372,2.405,0.915
1984,-1.2939941883087158,-0.7255218029022217,0.15028271079063416,-1.3830609321594238,1.016,0.471
1985,-0.6552652716636658,2.157374143600464,-1.0342108011245728,-1.0248221158981323,0.866,1.026
1986,-0.3685283362865448,-0.1267126500606537,-0.5523857474327087,0.27153077721595764,1.5730000000000002,1.081
1987,-1.147789478302002,2.191117763519287,1.9566588401794434,1.127563238143921,2.256,1.044
1988,0.6801350116729736,1.5710004568099976,1.4835118055343628,-1.137365698814392,0.787,1.332
1989,1.1720893383026123,0.5275120139122009,0.3083963692188263,-0.16135071218013763,-0.21899999999999997,0.859
1990,0.7027386426925659,0.37528297305107117,-0.7099487781524658,1.2024719715118408,0.657,0.702
1991,-0.03051426075398922,0.7992427349090576,-0.17473836243152618,3.026658058166504,1.558,0.88
1992,-1.1835789680480957,3.193687677383423,1.6117292642593384,3.6850571632385254,2.758,0.9
1993,-2.147974967956543,-0.6229146718978882,2.75713849067688,1.8853404521942139,3.1719999999999997,0.751
1994,0.5197878479957581,1.0832033157348633,-0.14622387290000916,-0.5449625849723816,1.912,1.077
1995,-1.084641456604004,-1.7351230382919312,-1.0565873384475708,0.5727641582489014,1.16,0.845
1996,0.12789200246334076,-1.4577876329421997,-0.8024072051048279,1.388681173324585,-0.767,0.686
1997,-0.008553735911846161,-1.0612050294876099,-1.359049677848816,2.5053322315216064,0.598,0.691
1998,-1.1018327474594116,-2.2032227516174316,1.2214668989181519,1.8812963962554932,0.488,1.481
1999,-1.1082285642623901,-1.4330602884292603,-0.46207767724990845,-0.2391304224729538,0.324,0.595
2000,1.047764539718628,-0.7949652671813965,-2.428723096847534,-0.350568026304245,2.763,1.119
